PSATAGV   -19.89  -50.35  20.13
PSATCMG   -21.28  -44.63   0.28
PSATCES   -20.25  -48.16   2.33
PSATELC   -21.60  -49.95   0.81
PSATFUN   -21.14  -45.04   0.20
PSATFUR   -20.67  -46.32   2.49
PSATMRB   -20.30  -49.18   7.62
PSATPRG   -21.59  -45.67   0.18
PSATPAS   -21.02  -48.18   0.71
PSATPTB   -21.61  -45.49   0.10
PSATPTC   -20.00  -48.55   5.79
PSATFZA   -26.00  -51.65  16.77
PSATJSG   -25.78  -52.00  26.37
PSATSCX   -25.53  -53.48  21.11
PSATSCL   -25.49  -51.74  21.35
PSATUVT   -26.23  -51.08   6.25
PSATBSM   -24.19  -53.74  16.29
PSATFLE   -22.97  -54.56  12.98
PSATITP   -25.42  -54.58  22.87
PSATIVM   -22.38  -53.53  18.54
PSATPTQ   -23.18  -53.17  10.00
PSATCBI   -17.99  -48.54   2.81
PSATCBIV  -16.15  -48.67   3.37
PSATEMB   -18.45  -47.98  19.43
PSATIMBR  -18.42  -49.10  13.92
PSATNPTE  -19.13  -47.70  15.47
PSATARV   -18.07  -50.16  10.22
PSATSFC   -18.05  -47.68   3.07
PSATSSM   -19.02  -50.50  13.74
PSATCNI   -22.94  -50.52   6.14
PSATCPV   -22.65  -51.33   7.85
PSATCHT   -23.01  -49.73   0.86
PSATJUR   -23.22  -49.23   0.63
PSATMAU   -24.06  -50.71   5.10
PSATROS   -22.50  -52.87  18.70
PSATQMD   -16.21  -47.33   0.58
PSATRBX   -18.95  -44.76   0.87
PSATSFR   -15.93  -44.86   1.16
PSATSRM   -16.37  -45.07   3.10
PSATTMR   -18.16  -45.27   7.68
PSATBOQ   -11.35  -43.83   0.91
PSATBBO   -22.52  -48.55   0.53
PSATESZ   -23.46  -46.91   0.33
PSATIBT   -21.76  -48.99   1.98
PSATNAV   -21.12  -50.20  11.15
PSATSME   -13.40  -48.30   5.83
PSATBGR   -27.78  -51.20   7.19
PSATCNV   -27.60  -51.33  11.80
PSATFCH   -27.14  -53.04  27.76
PSATITA   -27.27  -52.38  22.45
PSATMCD   -27.52  -51.78  19.18
PSATMOJ   -27.35  -52.73  16.78
PSATQQX   -26.66  -52.54  27.31
PSATPSJ   -28.14  -55.05  14.68
