PSATAGV   -19.89  -50.35    2.37
PSATCMG   -21.28  -44.63    0.01
PSATCES   -20.25  -48.16    0.01
PSATELC   -21.60  -49.95    0.01
PSATFUN   -21.14  -45.04    0.17
PSATFUR   -20.67  -46.32    0.03
PSATMRB   -20.30  -49.18    0.50
PSATPRG   -21.59  -45.67    0.08
PSATPAS   -21.02  -48.18    0.23
PSATPTB   -21.61  -45.49    0.00
PSATPTC   -20.00  -48.55    0.05
PSATFZA   -26.00  -51.65   45.82
PSATJSG   -25.78  -52.00   56.78
PSATSCX   -25.53  -53.48   57.91
PSATSCL   -25.49  -51.74   35.34
PSATUVT   -26.23  -51.08   35.34
PSATBSM   -24.19  -53.74   49.99
PSATFLE   -22.97  -54.56  111.11
PSATITP   -25.42  -54.58   73.96
PSATIVM   -22.38  -53.53   19.28
PSATPTQ   -23.18  -53.17   29.57
PSATCBI   -17.99  -48.54    8.54
PSATCBIV  -16.15  -48.67    3.30
PSATEMB   -18.45  -47.98    0.04
PSATIMBR  -18.42  -49.10    4.65
PSATNPTE  -19.13  -47.70    0.02
PSATARV   -18.07  -50.16    6.09
PSATSFC   -18.05  -47.68    0.95
PSATSSM   -19.02  -50.50    6.81
PSATCNI   -22.94  -50.52   20.15
PSATCPV   -22.65  -51.33   22.96
PSATCHT   -23.01  -49.73   45.21
PSATJUR   -23.22  -49.23   34.91
PSATMAU   -24.06  -50.71   25.79
PSATROS   -22.50  -52.87   10.80
PSATQMD   -16.21  -47.33    2.13
PSATRBX   -18.95  -44.76    0.10
PSATSFR   -15.93  -44.86    0.49
PSATSRM   -16.37  -45.07    0.23
PSATTMR   -18.16  -45.27    0.42
PSATBOQ   -11.35  -43.83    9.68
PSATBBO   -22.52  -48.55    8.06
PSATESZ   -23.46  -46.91    3.78
PSATIBT   -21.76  -48.99    7.13
PSATNAV   -21.12  -50.20    2.47
PSATSME   -13.40  -48.30    5.64
PSATBGR   -27.78  -51.20   15.80
PSATCNV   -27.60  -51.33   27.31
PSATFCH   -27.14  -53.04   56.16
PSATITA   -27.27  -52.38   41.89
PSATMCD   -27.52  -51.78   31.19
PSATMOJ   -27.35  -52.73   24.98
PSATQQX   -26.66  -52.54   56.16
PSATPSJ   -28.14  -55.05   31.63
