PSATAGV   -19.89  -50.35  33.74
PSATCMG   -21.28  -44.63   1.82
PSATCES   -20.25  -48.16  22.96
PSATELC   -21.60  -49.95  31.22
PSATFUN   -21.14  -45.04   1.14
PSATFUR   -20.67  -46.32   7.64
PSATMRB   -20.30  -49.18  24.17
PSATPRG   -21.59  -45.67  26.47
PSATPAS   -21.02  -48.18  31.60
PSATPTB   -21.61  -45.49  11.80
PSATPTC   -20.00  -48.55  13.10
PSATFZA   -26.00  -51.65   2.09
PSATJSG   -25.78  -52.00   5.89
PSATSCX   -25.53  -53.48   7.21
PSATSCL   -25.49  -51.74   4.05
PSATUVT   -26.23  -51.08  10.36
PSATBSM   -24.19  -53.74  26.93
PSATFLE   -22.97  -54.56  30.14
PSATITP   -25.42  -54.58  26.98
PSATIVM   -22.38  -53.53  19.21
PSATPTQ   -23.18  -53.17  20.50
PSATCBI   -17.99  -48.54   4.95
PSATCBIV  -16.15  -48.67   2.45
PSATEMB   -18.45  -47.98   3.38
PSATIMBR  -18.42  -49.10  13.89
PSATNPTE  -19.13  -47.70   6.46
PSATARV   -18.07  -50.16  19.19
PSATSFC   -18.05  -47.68   8.17
PSATSSM   -19.02  -50.50  14.52
PSATCNI   -22.94  -50.52  42.20
PSATCPV   -22.65  -51.33  23.86
PSATCHT   -23.01  -49.73  27.51
PSATJUR   -23.22  -49.23  44.98
PSATMAU   -24.06  -50.71  12.01
PSATROS   -22.50  -52.87  32.82
PSATQMD   -16.21  -47.33   5.04
PSATRBX   -18.95  -44.76   0.14
PSATSFR   -15.93  -44.86   1.08
PSATSRM   -16.37  -45.07   1.01
PSATTMR   -18.16  -45.27   0.95
PSATBOQ   -11.35  -43.83   0.41
PSATBBO   -22.52  -48.55  40.35
PSATESZ   -23.46  -46.91  41.54
PSATIBT   -21.76  -48.99  45.73
PSATNAV   -21.12  -50.20  52.79
PSATSME   -13.40  -48.30   5.70
PSATBGR   -27.78  -51.20   3.92
PSATCNV   -27.60  -51.33   7.00
PSATFCH   -27.14  -53.04   6.25
PSATITA   -27.27  -52.38   6.37
PSATMCD   -27.52  -51.78   3.41
PSATMOJ   -27.35  -52.73   0.72
PSATQQX   -26.66  -52.54   4.29
PSATPSJ   -28.14  -55.05   0.22
