PSATAGV   -19.89  -50.35   8.15
PSATCMG   -21.28  -44.63   7.99
PSATCES   -20.25  -48.16  16.05
PSATELC   -21.60  -49.95  21.82
PSATFUN   -21.14  -45.04  18.32
PSATFUR   -20.67  -46.32   8.93
PSATMRB   -20.30  -49.18  26.00
PSATPRG   -21.59  -45.67  11.04
PSATPAS   -21.02  -48.18  14.95
PSATPTB   -21.61  -45.49  16.14
PSATPTC   -20.00  -48.55   6.39
PSATFZA   -26.00  -51.65  20.02
PSATJSG   -25.78  -52.00  30.06
PSATSCX   -25.53  -53.48  30.88
PSATSCL   -25.49  -51.74  44.01
PSATUVT   -26.23  -51.08   8.99
PSATBSM   -24.19  -53.74  18.43
PSATFLE   -22.97  -54.56  22.68
PSATITP   -25.42  -54.58  14.64
PSATIVM   -22.38  -53.53  35.39
PSATPTQ   -23.18  -53.17  38.48
PSATCBI   -17.99  -48.54   1.90
PSATCBIV  -16.15  -48.67  11.18
PSATEMB   -18.45  -47.98   1.63
PSATIMBR  -18.42  -49.10   1.00
PSATNPTE  -19.13  -47.70   2.43
PSATARV   -18.07  -50.16   0.73
PSATSFC   -18.05  -47.68   0.22
PSATSSM   -19.02  -50.50   2.76
PSATCNI   -22.94  -50.52  21.76
PSATCPV   -22.65  -51.33  24.96
PSATCHT   -23.01  -49.73  24.63
PSATJUR   -23.22  -49.23  33.47
PSATMAU   -24.06  -50.71  40.63
PSATROS   -22.50  -52.87  19.93
PSATQMD   -16.21  -47.33   0.03
PSATRBX   -18.95  -44.76   5.56
PSATSFR   -15.93  -44.86   0.02
PSATSRM   -16.37  -45.07   0.56
PSATTMR   -18.16  -45.27   4.06
PSATBOQ   -11.35  -43.83   0.00
PSATBBO   -22.52  -48.55  22.05
PSATESZ   -23.46  -46.91   9.82
PSATIBT   -21.76  -48.99  13.86
PSATNAV   -21.12  -50.20   6.82
PSATSME   -13.40  -48.30   0.13
PSATBGR   -27.78  -51.20   3.74
PSATCNV   -27.60  -51.33   2.78
PSATFCH   -27.14  -53.04  14.38
PSATITA   -27.27  -52.38   4.46
PSATMCD   -27.52  -51.78   2.81
PSATMOJ   -27.35  -52.73   5.58
PSATQQX   -26.66  -52.54  18.32
PSATPSJ   -28.14  -55.05   6.04
